[header]
width=16
height=19
tilewidth=20
tileheight=20
orientation=orthogonal
background_color=0,0,0,255

[tilesets]
tileset=../../HW#4/NYUCodebase/spritesheet_rgba.png,20,20,0,0

[layer]
type=Tile Layer 1
data=
333,333,333,333,333,333,333,333,333,333,333,333,333,333,333,333,
333,333,333,333,333,333,333,333,333,333,333,333,333,333,333,333,
333,333,333,333,333,333,333,333,333,333,333,333,333,333,333,333,
333,333,333,0,0,0,0,0,0,0,0,0,0,333,333,333,
333,333,333,0,0,0,0,0,0,0,0,0,0,333,333,333,
333,333,333,302,302,302,302,0,0,302,302,0,0,333,333,333,
333,333,333,0,0,0,0,0,0,333,333,302,302,333,333,333,
333,333,333,0,0,0,0,0,302,333,0,0,0,333,333,333,
333,333,333,0,0,0,0,302,0,0,0,0,0,333,333,333,
333,333,333,302,302,302,0,0,0,0,0,0,0,333,333,333,
333,333,333,0,0,0,302,302,302,0,0,0,0,333,333,333,
333,333,333,0,0,0,0,0,0,0,0,0,0,333,333,333,
333,333,333,0,0,0,0,0,0,0,302,302,302,333,333,333,
333,333,333,0,0,0,0,302,302,302,0,0,0,333,333,333,
333,333,333,302,302,302,0,0,0,0,0,0,0,333,333,333,
333,333,333,0,0,0,0,0,0,0,0,0,0,333,333,333,
333,333,338,302,302,302,302,302,302,302,302,302,303,337,333,333,
333,333,333,333,333,333,333,333,333,333,333,333,333,333,333,333,
333,333,333,333,333,333,333,333,333,333,333,333,333,333,333,333

[ObjectLayer]
# Key
type=ITEM_KEY
location=12,6,1,1

[ObjectLayer]
# Ghost
type=ENTITY_ENEMY
location=6,5,1,1

[ObjectLayer]
# Ghost
type=ENTITY_ENEMY
location=4,9,1,1

[ObjectLayer]
# Ghost
type=ENTITY_ENEMY
location=11,12,1,1

[ObjectLayer]
# Ghost
type=ENTITY_ENEMY
location=4,14,1,1

