[header]
width=18
height=18
tilewidth=20
tileheight=20
orientation=orthogonal
background_color=0,0,0,255

[tilesets]
tileset=spritesheet_rgba.png,20,20,0,0

[layer]
type=Tile Layer 1
data=
0,0,0,0,0,0,0,0,0,0,0,0,0,0,0,0,0,0,
0,735,735,735,735,735,735,735,735,735,735,735,735,735,735,735,735,0,
0,735,0,0,0,0,0,0,0,0,0,192,0,0,0,0,735,0,
0,735,192,0,0,0,0,0,0,0,0,192,0,0,0,192,735,0,
0,735,192,192,192,192,0,0,0,0,0,192,0,192,192,192,735,0,
0,735,0,0,0,0,0,0,192,192,0,192,0,0,0,0,735,0,
0,735,0,0,0,0,0,0,0,0,0,192,192,0,0,0,735,0,
0,735,0,0,192,192,192,0,0,0,0,192,192,0,0,0,735,0,
0,735,0,192,192,0,0,0,192,0,192,192,192,192,0,0,735,0,
0,735,192,192,192,0,0,0,0,0,0,192,192,192,0,192,735,0,
0,735,0,0,0,0,0,192,0,0,0,192,0,0,0,0,735,0,
0,735,0,0,0,0,192,192,192,192,0,192,0,192,192,192,735,0,
0,735,0,0,0,0,0,0,0,0,0,192,0,0,0,0,735,0,
0,735,0,0,192,0,0,0,0,0,0,192,192,0,0,0,735,0,
0,735,0,192,192,192,0,0,0,192,0,0,0,0,192,0,735,0,
0,735,192,192,192,192,192,192,192,192,192,192,192,192,192,192,735,0,
0,735,735,735,735,735,735,735,735,735,735,735,735,735,735,735,735,0,
0,0,0,0,0,0,0,0,0,0,0,0,0,0,0,0,0,0

[ObjectsLayer]
# Diamond
type=Diamond
location=2,15,1,1

[ObjectsLayer]
# Diamond
type=Diamond
location=15,15,1,1

[ObjectsLayer]
# Diamond
type=Diamond
location=14,7,1,1

[ObjectsLayer]
# Diamond
type=Diamond
location=15,3,1,1

[ObjectsLayer]
# Diamond
type=Diamond
location=2,3,1,1

[ObjectsLayer]
# Diamond
type=Diamond
location=2,8,1,1

